
lod_count = 1
scale = 0.200000
lod0_distance = 10000.000000